9,u,2147483648,64,768,6000
9,u,2147484224,64,768,56000
9,u,2147485824,64,768,93500
10,u,2147515456,64,515,126500
9,u,2147485312,64,768,172500
9,u,2147492992,64,768,207000
10,u,2147512384,64,512,254500
10,u,2147512448,64,512,305500
5,u,2147512640,64,0,492000
5,u,2147512704,64,0,492500
5,u,2147512768,64,0,493000
5,u,2147512832,64,0,493501
5,u,2147512896,64,0,494500
5,u,2147512960,64,0,495000
5,u,2147513024,64,0,495500
10,u,2147512512,64,512,497000
3,u,2147512576,64,0,497500
5,u,2147513088,64,0,712506
5,u,2147513152,64,0,872506
5,u,2147513216,64,0,1032506
5,u,2147513280,64,0,1192506
5,u,2147513344,64,0,1352506
5,u,2147513408,64,0,1512506
5,u,2147513472,64,0,1672506
5,u,2147513536,64,0,1832506
5,u,2147513600,64,0,1992506
5,u,2147513664,64,0,2152506
5,u,2147513728,64,0,2312506
5,u,2147513792,64,0,2472506
5,u,2147513856,64,0,2632506
5,u,2147513920,64,0,2792506
9,u,2147485248,64,768,2838000
9,u,2147489024,64,768,2872500
9,u,2147489088,64,768,2905000
10,u,2147515392,64,515,2937000
9,u,2147488640,64,768,2973500
9,u,2147488704,64,768,3007500
10,u,2147515328,64,515,3041500
10,u,2147511616,64,515,3073500
9,u,2147486080,64,768,3117000
9,u,2147486144,64,768,3151500
10,u,2147515200,64,515,3188500
9,u,2147485888,64,768,3225000
9,u,2147485952,64,768,3262500
9,u,2147486016,64,768,3295500
9,u,2147486208,64,768,3354000
9,u,2147486272,64,768,3387000
9,u,2147484352,64,768,3456500
9,u,2147484416,64,768,3489500
10,u,2147511360,64,515,3523500
9,u,2147484480,64,768,3563000
10,u,2147511424,64,515,3598500
9,u,2147484544,64,768,3635500
9,u,2147484608,64,768,3677500
10,u,2147511488,64,515,3713000
9,u,2147484672,64,768,3750000
9,u,2147484736,64,768,3797500
9,u,2147489408,64,768,3858000
9,u,2147489472,64,768,3892500
9,u,2147491456,64,768,4209500
9,u,2147491520,64,768,4275500
9,u,2147484928,64,768,4318000
10,u,2147515264,64,515,4351500
10,u,2147520064,64,514,4408500
9,u,2147484992,64,768,4454000
9,u,2147484160,64,768,4487500
10,u,2147509888,64,512,4545000
5,u,2147520256,64,0,4661000
5,u,2147520320,64,0,4661500
5,u,2147520384,64,0,4662000
5,u,2147520448,64,0,4662500
10,u,2147520128,64,512,4666000
3,u,2147520192,64,0,4666500
9,u,2147485056,64,768,4817000
10,u,2148568704,64,514,4856500
9,u,2147484800,64,768,4925500
9,u,2147484864,64,768,5003000
9,u,2147488768,64,768,5056500
10,u,2147493120,64,512,5092000
9,u,2147488512,64,768,5138500
9,u,2147487104,64,768,5175000
9,u,2147487168,64,768,5208000
9,u,2147486912,64,768,5245500
10,u,2147511552,64,515,5278500
9,u,2147487232,64,768,5329000
9,u,2147487296,64,768,9588000
9,u,2147486848,64,768,131361000
9,u,2147485184,64,768,131411000
10,u,2147493056,64,515,131469000
10,u,2147493184,64,512,131515500
9,u,2147488128,64,768,131553500
9,u,2147488192,64,768,131592000
9,u,2147487616,64,768,131623500
9,u,2147487680,64,768,131798000
10,u,2147512320,64,514,131988000
9,u,2147487808,64,768,132034000
9,u,2147487872,64,768,132074000
10,u,2147509824,64,512,132109500
9,u,2147487936,64,768,132291000
9,u,2147488000,64,768,132612000
9,u,2147488064,64,768,133071500
9,u,2147488256,64,768,133146500
9,u,2147488320,64,768,133181500
9,u,2147488384,64,768,133455000
9,u,2147490176,64,768,133501500
9,u,2147489152,64,768,133542000
9,u,2147489280,64,768,133582000
9,u,2147489344,64,768,133626000
10,u,2147515968,64,514,133667000
9,u,2147486336,64,768,133710000
9,u,2147492928,64,768,133749500
9,u,2147486400,64,768,133814000
10,u,2147519936,64,515,133858000
10,u,2147520000,64,515,133905500
9,u,2147489920,64,768,133961500
9,u,2147489536,64,768,133997000
9,u,2147489600,64,768,134040000
9,u,2147489664,64,768,134082500
9,u,2147490688,64,768,134120500
9,u,2147490624,64,768,134158500
9,u,2147490752,64,768,134206500
9,u,2147491200,64,768,134240000
9,u,2147491264,64,768,134279000
9,u,2147491008,64,768,134331500
9,u,2147490944,64,768,134377500
9,u,2147488448,64,768,134411000
9,u,2147491072,64,768,134567000
9,u,2147490880,64,768,134600000
9,u,2147491136,64,768,134645000
9,u,2147489984,64,768,134850500
9,u,2147488896,64,768,134883500
9,u,2147488960,64,768,134917500
10,u,2147515840,64,515,135055500
10,u,2147515904,64,515,135089000
9,u,2147489216,64,768,135158000
9,u,2147484288,64,768,135863500
9,u,2147483904,64,768,135931000
9,u,2147483968,64,768,135962500
10,u,2147519872,64,515,136278000
9,u,2147490304,64,768,136347500
10,u,2147511680,64,515,136403000
10,u,2148568768,64,514,136472000
5,u,2148568960,64,0,136702000
5,u,2148569024,64,0,136702500
10,u,2148568832,64,512,136707000
3,u,2148568896,64,0,136707500
10,u,2415919040,64,514,136866000
9,u,2147487360,64,768,136986500
9,u,2147488576,64,768,137021000
9,u,2147487424,64,768,137060500
9,u,2147486784,64,768,137093500
9,u,2147485120,64,768,137134500
9,u,2147490048,64,768,137202500
9,u,2147488832,64,768,137243500
9,u,2147490112,64,768,137285000
9,u,2147489792,64,768,137333000
9,u,2147491584,64,768,137377000
10,u,2147510144,64,512,137420500
10,u,2147519808,64,515,137461000
9,u,2147487488,64,768,137525500
10,u,2147509760,64,515,137561000
9,u,2147487552,64,768,137593000
9,u,2147491648,64,768,141683000
9,u,2147484032,64,768,141720500
